58568.686934707 -1.419e-07 2.334216e-08 
58568.686934707 -1.419e-07 2.334216e-08 
58568.686934707 -1.419e-07 2.334216e-08 
58568.686934707 -1.419e-07 2.334216e-08 
58568.686934707 -1.419e-07 2.334216e-08 
58568.686934707 -1.419e-07 2.334216e-08 
58568.686934707 -1.419e-07 2.334216e-08 
58568.686934707 -1.419e-07 2.334216e-08 
58568.686934707 -1.419e-07 2.334216e-08 
58568.686934707 -1.419e-07 2.334216e-08 
58568.686934707 -1.419e-07 2.334216e-08 
58568.686934707 -1.419e-07 2.334216e-08 
58568.686934707 -1.419e-07 2.334216e-08 
58568.686934707 -1.419e-07 2.334216e-08 
58568.686934707 -1.419e-07 2.334216e-08 
58568.686934707 -1.419e-07 2.334216e-08 
58568.686934707 -1.419e-07 2.334216e-08 
58568.686934707 -1.419e-07 2.334216e-08 
58568.686934707 -1.419e-07 2.334216e-08 
58568.686934707 -1.419e-07 2.334216e-08 
58568.686934707 -1.419e-07 2.334216e-08 
58568.686934707 -1.419e-07 2.334216e-08 
58568.686934707 -1.419e-07 2.334216e-08 
58568.686934707 -1.419e-07 2.334216e-08 
58568.686934707 -1.419e-07 2.334216e-08 
58568.686934707 -1.419e-07 2.334216e-08 
58568.686934707 -1.419e-07 2.334216e-08 
58568.686934707 -1.419e-07 2.334216e-08 
58568.686934707 -1.419e-07 2.334216e-08 
58568.686934707 -1.419e-07 2.334216e-08 
58568.686934707 -1.419e-07 2.334216e-08 
58568.686934707 -1.419e-07 2.334216e-08 
58595.473063432 4.756e-07 3.275477e-08 
58595.473063432 4.756e-07 3.275477e-08 
58595.473063432 4.756e-07 3.275477e-08 
58595.473063432 4.756e-07 3.275477e-08 
58595.473063432 4.756e-07 3.275477e-08 
58595.473063432 4.756e-07 3.275477e-08 
58595.473063432 4.756e-07 3.275477e-08 
58595.473063432 4.756e-07 3.275477e-08 
58595.473063432 4.756e-07 3.275477e-08 
58595.473063432 4.756e-07 3.275477e-08 
58595.473063432 4.756e-07 3.275477e-08 
58595.473063432 4.756e-07 3.275477e-08 
58665.473543104 1.231e-08 3.395961e-08 
58665.473543104 1.231e-08 3.395961e-08 
58665.473543104 1.231e-08 3.395961e-08 
58665.473543104 1.231e-08 3.395961e-08 
58665.473543104 1.231e-08 3.395961e-08 
58665.473543104 1.231e-08 3.395961e-08 
58665.473543104 1.231e-08 3.395961e-08 
58665.473543104 1.231e-08 3.395961e-08 
58665.473543104 1.231e-08 3.395961e-08 
58665.473543104 1.231e-08 3.395961e-08 
58665.473543104 1.231e-08 3.395961e-08 
58665.473543104 1.231e-08 3.395961e-08 
58665.473543104 1.231e-08 3.395961e-08 
58665.473543104 1.231e-08 3.395961e-08 
58665.473543104 1.231e-08 3.395961e-08 
58665.473543104 1.231e-08 3.395961e-08 
58684.136559181 -3.392e-09 3.140442e-08 
58684.136559181 -3.392e-09 3.140442e-08 
58684.136559181 -3.392e-09 3.140442e-08 
58684.136559181 -3.392e-09 3.140442e-08 
58684.136559181 -3.392e-09 3.140442e-08 
58684.136559181 -3.392e-09 3.140442e-08 
58684.136559181 -3.392e-09 3.140442e-08 
58684.136559181 -3.392e-09 3.140442e-08 
58684.136559181 -3.392e-09 3.140442e-08 
58684.136559181 -3.392e-09 3.140442e-08 
58684.136559181 -3.392e-09 3.140442e-08 
58684.136559181 -3.392e-09 3.140442e-08 
58684.136559181 -3.392e-09 3.140442e-08 
58684.136559181 -3.392e-09 3.140442e-08 
58684.136559181 -3.392e-09 3.140442e-08 
58684.136559181 -3.392e-09 3.140442e-08 
58723.116532329 2.646e-07 2.690955e-08 
58723.116532329 2.646e-07 2.690955e-08 
58723.116532329 2.646e-07 2.690955e-08 
58723.116532329 2.646e-07 2.690955e-08 
58723.116532329 2.646e-07 2.690955e-08 
58723.116532329 2.646e-07 2.690955e-08 
58723.116532329 2.646e-07 2.690955e-08 
58723.116532329 2.646e-07 2.690955e-08 
58723.116532329 2.646e-07 2.690955e-08 
58723.116532329 2.646e-07 2.690955e-08 
58723.116532329 2.646e-07 2.690955e-08 
58723.116532329 2.646e-07 2.690955e-08 
58723.116532329 2.646e-07 2.690955e-08 
58723.116532329 2.646e-07 2.690955e-08 
58723.116532329 2.646e-07 2.690955e-08 
58723.116532329 2.646e-07 2.690955e-08 
58733.429030683 3.877e-08 3.112412e-08 
58733.429030683 3.877e-08 3.112412e-08 
58733.429030683 3.877e-08 3.112412e-08 
58733.429030683 3.877e-08 3.112412e-08 
58733.429030683 3.877e-08 3.112412e-08 
58733.429030683 3.877e-08 3.112412e-08 
58733.429030683 3.877e-08 3.112412e-08 
58733.429030683 3.877e-08 3.112412e-08 
58733.429030683 3.877e-08 3.112412e-08 
58733.429030683 3.877e-08 3.112412e-08 
58733.429030683 3.877e-08 3.112412e-08 
58733.429030683 3.877e-08 3.112412e-08 
58733.429030683 3.877e-08 3.112412e-08 
58733.429030683 3.877e-08 3.112412e-08 
58733.429030683 3.877e-08 3.112412e-08 
58733.429030683 3.877e-08 3.112412e-08 
58750.969878058 1.192e-07 3.086229e-08 
58750.969878058 1.192e-07 3.086229e-08 
58750.969878058 1.192e-07 3.086229e-08 
58750.969878058 1.192e-07 3.086229e-08 
58750.969878058 1.192e-07 3.086229e-08 
58750.969878058 1.192e-07 3.086229e-08 
58750.969878058 1.192e-07 3.086229e-08 
58750.969878058 1.192e-07 3.086229e-08 
58750.969878058 1.192e-07 3.086229e-08 
58750.969878058 1.192e-07 3.086229e-08 
58750.969878058 1.192e-07 3.086229e-08 
58750.969878058 1.192e-07 3.086229e-08 
58750.969878058 1.192e-07 3.086229e-08 
58750.969878058 1.192e-07 3.086229e-08 
58750.969878058 1.192e-07 3.086229e-08 
58750.969878058 1.192e-07 3.086229e-08 
58752.034580184 -4.963e-08 2.243344e-08 
58752.034580184 -4.963e-08 2.243344e-08 
58752.034580184 -4.963e-08 2.243344e-08 
58752.034580184 -4.963e-08 2.243344e-08 
58752.034580184 -4.963e-08 2.243344e-08 
58752.034580184 -4.963e-08 2.243344e-08 
58752.034580184 -4.963e-08 2.243344e-08 
58752.034580184 -4.963e-08 2.243344e-08 
58752.034580184 -4.963e-08 2.243344e-08 
58752.034580184 -4.963e-08 2.243344e-08 
58752.034580184 -4.963e-08 2.243344e-08 
58752.034580184 -4.963e-08 2.243344e-08 
58752.034580184 -4.963e-08 2.243344e-08 
58752.034580184 -4.963e-08 2.243344e-08 
58752.034580184 -4.963e-08 2.243344e-08 
58752.034580184 -4.963e-08 2.243344e-08 
58752.034580184 -4.963e-08 2.243344e-08 
58752.034580184 -4.963e-08 2.243344e-08 
58752.034580184 -4.963e-08 2.243344e-08 
58752.034580184 -4.963e-08 2.243344e-08 
58752.034580184 -4.963e-08 2.243344e-08 
58752.034580184 -4.963e-08 2.243344e-08 
58752.034580184 -4.963e-08 2.243344e-08 
58752.034580184 -4.963e-08 2.243344e-08 
58752.034580184 -4.963e-08 2.243344e-08 
58752.034580184 -4.963e-08 2.243344e-08 
58752.034580184 -4.963e-08 2.243344e-08 
58752.034580184 -4.963e-08 2.243344e-08 
58752.034580184 -4.963e-08 2.243344e-08 
58752.034580184 -4.963e-08 2.243344e-08 
58752.034580184 -4.963e-08 2.243344e-08 
58752.034580184 -4.963e-08 2.243344e-08 
58753.237376263 1.593e-08 3.208095e-08 
58753.237376263 1.593e-08 3.208095e-08 
58753.237376263 1.593e-08 3.208095e-08 
58753.237376263 1.593e-08 3.208095e-08 
58753.237376263 1.593e-08 3.208095e-08 
58753.237376263 1.593e-08 3.208095e-08 
58753.237376263 1.593e-08 3.208095e-08 
58753.237376263 1.593e-08 3.208095e-08 
58753.237376263 1.593e-08 3.208095e-08 
58753.237376263 1.593e-08 3.208095e-08 
58753.237376263 1.593e-08 3.208095e-08 
58753.237376263 1.593e-08 3.208095e-08 
58753.237376263 1.593e-08 3.208095e-08 
58753.237376263 1.593e-08 3.208095e-08 
58753.237376263 1.593e-08 3.208095e-08 
58753.237376263 1.593e-08 3.208095e-08 
58755.074726930 8.706e-08 3.069145e-08 
58755.074726930 8.706e-08 3.069145e-08 
58755.074726930 8.706e-08 3.069145e-08 
58755.074726930 8.706e-08 3.069145e-08 
58755.074726930 8.706e-08 3.069145e-08 
58755.074726930 8.706e-08 3.069145e-08 
58755.074726930 8.706e-08 3.069145e-08 
58755.074726930 8.706e-08 3.069145e-08 
58755.074726930 8.706e-08 3.069145e-08 
58755.074726930 8.706e-08 3.069145e-08 
58755.074726930 8.706e-08 3.069145e-08 
58755.074726930 8.706e-08 3.069145e-08 
58755.074726930 8.706e-08 3.069145e-08 
58755.074726930 8.706e-08 3.069145e-08 
58755.074726930 8.706e-08 3.069145e-08 
58755.074726930 8.706e-08 3.069145e-08 
58755.288706379 2.496e-07 3.026352e-08 
58755.288706379 2.496e-07 3.026352e-08 
58755.288706379 2.496e-07 3.026352e-08 
58755.288706379 2.496e-07 3.026352e-08 
58755.288706379 2.496e-07 3.026352e-08 
58755.288706379 2.496e-07 3.026352e-08 
58755.288706379 2.496e-07 3.026352e-08 
58755.288706379 2.496e-07 3.026352e-08 
58755.288706379 2.496e-07 3.026352e-08 
58755.288706379 2.496e-07 3.026352e-08 
58755.288706379 2.496e-07 3.026352e-08 
58755.288706379 2.496e-07 3.026352e-08 
58755.288706379 2.496e-07 3.026352e-08 
58755.288706379 2.496e-07 3.026352e-08 
58755.288706379 2.496e-07 3.026352e-08 
58755.288706379 2.496e-07 3.026352e-08 
58772.905284383 -6.865e-08 3.395278e-08 
58772.905284383 -6.865e-08 3.395278e-08 
58772.905284383 -6.865e-08 3.395278e-08 
58772.905284383 -6.865e-08 3.395278e-08 
58772.905284383 -6.865e-08 3.395278e-08 
58772.905284383 -6.865e-08 3.395278e-08 
58772.905284383 -6.865e-08 3.395278e-08 
58772.905284383 -6.865e-08 3.395278e-08 
58772.905284383 -6.865e-08 3.395278e-08 
58772.905284383 -6.865e-08 3.395278e-08 
58772.905284383 -6.865e-08 3.395278e-08 
58772.905284383 -6.865e-08 3.395278e-08 
58772.905284383 -6.865e-08 3.395278e-08 
58772.905284383 -6.865e-08 3.395278e-08 
58772.905284383 -6.865e-08 3.395278e-08 
58772.905284383 -6.865e-08 3.395278e-08 
58774.903329432 -1.484e-07 2.809471e-08 
58774.903329432 -1.484e-07 2.809471e-08 
58774.903329432 -1.484e-07 2.809471e-08 
58774.903329432 -1.484e-07 2.809471e-08 
58774.903329432 -1.484e-07 2.809471e-08 
58774.903329432 -1.484e-07 2.809471e-08 
58774.903329432 -1.484e-07 2.809471e-08 
58774.903329432 -1.484e-07 2.809471e-08 
58774.903329432 -1.484e-07 2.809471e-08 
58774.903329432 -1.484e-07 2.809471e-08 
58774.903329432 -1.484e-07 2.809471e-08 
58774.903329432 -1.484e-07 2.809471e-08 
58774.903329432 -1.484e-07 2.809471e-08 
58774.903329432 -1.484e-07 2.809471e-08 
58774.903329432 -1.484e-07 2.809471e-08 
58774.903329432 -1.484e-07 2.809471e-08 
58783.241926818 4.252e-08 3.042243e-08 
58783.241926818 4.252e-08 3.042243e-08 
58783.241926818 4.252e-08 3.042243e-08 
58783.241926818 4.252e-08 3.042243e-08 
58783.241926818 4.252e-08 3.042243e-08 
58783.241926818 4.252e-08 3.042243e-08 
58783.241926818 4.252e-08 3.042243e-08 
58783.241926818 4.252e-08 3.042243e-08 
58783.241926818 4.252e-08 3.042243e-08 
58783.241926818 4.252e-08 3.042243e-08 
58783.241926818 4.252e-08 3.042243e-08 
58783.241926818 4.252e-08 3.042243e-08 
58783.241926818 4.252e-08 3.042243e-08 
58783.241926818 4.252e-08 3.042243e-08 
58783.241926818 4.252e-08 3.042243e-08 
58783.241926818 4.252e-08 3.042243e-08 
58783.854202696 1.051e-07 3.024388e-08 
58783.854202696 1.051e-07 3.024388e-08 
58783.854202696 1.051e-07 3.024388e-08 
58783.854202696 1.051e-07 3.024388e-08 
58783.854202696 1.051e-07 3.024388e-08 
58783.854202696 1.051e-07 3.024388e-08 
58783.854202696 1.051e-07 3.024388e-08 
58783.854202696 1.051e-07 3.024388e-08 
58783.854202696 1.051e-07 3.024388e-08 
58783.854202696 1.051e-07 3.024388e-08 
58783.854202696 1.051e-07 3.024388e-08 
58783.854202696 1.051e-07 3.024388e-08 
58783.854202696 1.051e-07 3.024388e-08 
58783.854202696 1.051e-07 3.024388e-08 
58783.854202696 1.051e-07 3.024388e-08 
58783.854202696 1.051e-07 3.024388e-08 
58784.052759461 -6.648e-09 3.182507e-08 
58784.052759461 -6.648e-09 3.182507e-08 
58784.052759461 -6.648e-09 3.182507e-08 
58784.052759461 -6.648e-09 3.182507e-08 
58784.052759461 -6.648e-09 3.182507e-08 
58784.052759461 -6.648e-09 3.182507e-08 
58784.052759461 -6.648e-09 3.182507e-08 
58784.052759461 -6.648e-09 3.182507e-08 
58784.052759461 -6.648e-09 3.182507e-08 
58784.052759461 -6.648e-09 3.182507e-08 
58784.052759461 -6.648e-09 3.182507e-08 
58784.052759461 -6.648e-09 3.182507e-08 
58784.052759461 -6.648e-09 3.182507e-08 
58784.052759461 -6.648e-09 3.182507e-08 
58784.052759461 -6.648e-09 3.182507e-08 
58784.052759461 -6.648e-09 3.182507e-08 
58787.117300925 -1.730e-07 2.906934e-08 
58787.117300925 -1.730e-07 2.906934e-08 
58787.117300925 -1.730e-07 2.906934e-08 
58787.117300925 -1.730e-07 2.906934e-08 
58787.117300925 -1.730e-07 2.906934e-08 
58787.117300925 -1.730e-07 2.906934e-08 
58787.117300925 -1.730e-07 2.906934e-08 
58787.117300925 -1.730e-07 2.906934e-08 
58787.117300925 -1.730e-07 2.906934e-08 
58787.117300925 -1.730e-07 2.906934e-08 
58787.117300925 -1.730e-07 2.906934e-08 
58787.117300925 -1.730e-07 2.906934e-08 
58787.117300925 -1.730e-07 2.906934e-08 
58787.117300925 -1.730e-07 2.906934e-08 
58787.117300925 -1.730e-07 2.906934e-08 
58787.117300925 -1.730e-07 2.906934e-08 
58793.088422453 -4.637e-07 3.174678e-08 
58793.088422453 -4.637e-07 3.174678e-08 
58793.088422453 -4.637e-07 3.174678e-08 
58793.088422453 -4.637e-07 3.174678e-08 
58793.088422453 -4.637e-07 3.174678e-08 
58793.088422453 -4.637e-07 3.174678e-08 
58793.088422453 -4.637e-07 3.174678e-08 
58793.088422453 -4.637e-07 3.174678e-08 
58793.088422453 -4.637e-07 3.174678e-08 
58793.088422453 -4.637e-07 3.174678e-08 
58793.088422453 -4.637e-07 3.174678e-08 
58793.088422453 -4.637e-07 3.174678e-08 
58793.088422453 -4.637e-07 3.174678e-08 
58793.088422453 -4.637e-07 3.174678e-08 
58793.088422453 -4.637e-07 3.174678e-08 
58793.088422453 -4.637e-07 3.174678e-08 
58810.834741196 -4.292e-07 3.113529e-08 
58810.834741196 -4.292e-07 3.113529e-08 
58810.834741196 -4.292e-07 3.113529e-08 
58810.834741196 -4.292e-07 3.113529e-08 
58810.834741196 -4.292e-07 3.113529e-08 
58810.834741196 -4.292e-07 3.113529e-08 
58810.834741196 -4.292e-07 3.113529e-08 
58810.834741196 -4.292e-07 3.113529e-08 
58810.834741196 -4.292e-07 3.113529e-08 
58810.834741196 -4.292e-07 3.113529e-08 
58810.834741196 -4.292e-07 3.113529e-08 
58810.834741196 -4.292e-07 3.113529e-08 
58810.834741196 -4.292e-07 3.113529e-08 
58810.834741196 -4.292e-07 3.113529e-08 
58810.834741196 -4.292e-07 3.113529e-08 
58810.834741196 -4.292e-07 3.113529e-08 
58813.118601705 -2.161e-07 2.874392e-08 
58813.118601705 -2.161e-07 2.874392e-08 
58813.118601705 -2.161e-07 2.874392e-08 
58813.118601705 -2.161e-07 2.874392e-08 
58813.118601705 -2.161e-07 2.874392e-08 
58813.118601705 -2.161e-07 2.874392e-08 
58813.118601705 -2.161e-07 2.874392e-08 
58813.118601705 -2.161e-07 2.874392e-08 
58813.118601705 -2.161e-07 2.874392e-08 
58813.118601705 -2.161e-07 2.874392e-08 
58813.118601705 -2.161e-07 2.874392e-08 
58813.118601705 -2.161e-07 2.874392e-08 
58813.118601705 -2.161e-07 2.874392e-08 
58813.118601705 -2.161e-07 2.874392e-08 
58813.118601705 -2.161e-07 2.874392e-08 
58813.118601705 -2.161e-07 2.874392e-08 
58831.020439989 -5.731e-08 3.041119e-08 
58831.020439989 -5.731e-08 3.041119e-08 
58831.020439989 -5.731e-08 3.041119e-08 
58831.020439989 -5.731e-08 3.041119e-08 
58831.020439989 -5.731e-08 3.041119e-08 
58831.020439989 -5.731e-08 3.041119e-08 
58831.020439989 -5.731e-08 3.041119e-08 
58831.020439989 -5.731e-08 3.041119e-08 
58831.020439989 -5.731e-08 3.041119e-08 
58831.020439989 -5.731e-08 3.041119e-08 
58831.020439989 -5.731e-08 3.041119e-08 
58831.020439989 -5.731e-08 3.041119e-08 
58831.020439989 -5.731e-08 3.041119e-08 
58831.020439989 -5.731e-08 3.041119e-08 
58831.020439989 -5.731e-08 3.041119e-08 
58831.020439989 -5.731e-08 3.041119e-08 
58833.811773141 8.226e-08 3.062483e-08 
58833.811773141 8.226e-08 3.062483e-08 
58833.811773141 8.226e-08 3.062483e-08 
58833.811773141 8.226e-08 3.062483e-08 
58833.811773141 8.226e-08 3.062483e-08 
58833.811773141 8.226e-08 3.062483e-08 
58833.811773141 8.226e-08 3.062483e-08 
58833.811773141 8.226e-08 3.062483e-08 
58833.811773141 8.226e-08 3.062483e-08 
58833.811773141 8.226e-08 3.062483e-08 
58833.811773141 8.226e-08 3.062483e-08 
58833.811773141 8.226e-08 3.062483e-08 
58833.811773141 8.226e-08 3.062483e-08 
58833.811773141 8.226e-08 3.062483e-08 
58833.811773141 8.226e-08 3.062483e-08 
58833.811773141 8.226e-08 3.062483e-08 
58868.796336403 -3.938e-08 2.947065e-08 
58868.796336403 -3.938e-08 2.947065e-08 
58868.796336403 -3.938e-08 2.947065e-08 
58868.796336403 -3.938e-08 2.947065e-08 
58868.796336403 -3.938e-08 2.947065e-08 
58868.796336403 -3.938e-08 2.947065e-08 
58868.796336403 -3.938e-08 2.947065e-08 
58868.796336403 -3.938e-08 2.947065e-08 
58868.796336403 -3.938e-08 2.947065e-08 
58868.796336403 -3.938e-08 2.947065e-08 
58868.796336403 -3.938e-08 2.947065e-08 
58868.796336403 -3.938e-08 2.947065e-08 
58868.796336403 -3.938e-08 2.947065e-08 
58868.796336403 -3.938e-08 2.947065e-08 
58868.796336403 -3.938e-08 2.947065e-08 
58868.796336403 -3.938e-08 2.947065e-08 
58882.004531853 1.290e-07 3.160093e-08 
58882.004531853 1.290e-07 3.160093e-08 
58882.004531853 1.290e-07 3.160093e-08 
58882.004531853 1.290e-07 3.160093e-08 
58882.004531853 1.290e-07 3.160093e-08 
58882.004531853 1.290e-07 3.160093e-08 
58882.004531853 1.290e-07 3.160093e-08 
58882.004531853 1.290e-07 3.160093e-08 
58882.004531853 1.290e-07 3.160093e-08 
58882.004531853 1.290e-07 3.160093e-08 
58882.004531853 1.290e-07 3.160093e-08 
58882.004531853 1.290e-07 3.160093e-08 
58882.004531853 1.290e-07 3.160093e-08 
58882.004531853 1.290e-07 3.160093e-08 
58882.004531853 1.290e-07 3.160093e-08 
58882.004531853 1.290e-07 3.160093e-08 
58896.652248841 6.229e-08 2.997640e-08 
58896.652248841 6.229e-08 2.997640e-08 
58896.652248841 6.229e-08 2.997640e-08 
58896.652248841 6.229e-08 2.997640e-08 
58896.652248841 6.229e-08 2.997640e-08 
58896.652248841 6.229e-08 2.997640e-08 
58896.652248841 6.229e-08 2.997640e-08 
58896.652248841 6.229e-08 2.997640e-08 
58896.652248841 6.229e-08 2.997640e-08 
58896.652248841 6.229e-08 2.997640e-08 
58896.652248841 6.229e-08 2.997640e-08 
58896.652248841 6.229e-08 2.997640e-08 
58896.652248841 6.229e-08 2.997640e-08 
58896.652248841 6.229e-08 2.997640e-08 
58896.652248841 6.229e-08 2.997640e-08 
58896.652248841 6.229e-08 2.997640e-08 
58907.499457502 7.642e-08 3.206447e-08 
58907.499457502 7.642e-08 3.206447e-08 
58907.499457502 7.642e-08 3.206447e-08 
58907.499457502 7.642e-08 3.206447e-08 
58907.499457502 7.642e-08 3.206447e-08 
58907.499457502 7.642e-08 3.206447e-08 
58907.499457502 7.642e-08 3.206447e-08 
58907.499457502 7.642e-08 3.206447e-08 
58907.499457502 7.642e-08 3.206447e-08 
58907.499457502 7.642e-08 3.206447e-08 
58907.499457502 7.642e-08 3.206447e-08 
58907.499457502 7.642e-08 3.206447e-08 
58907.499457502 7.642e-08 3.206447e-08 
58907.499457502 7.642e-08 3.206447e-08 
58907.499457502 7.642e-08 3.206447e-08 
58907.499457502 7.642e-08 3.206447e-08 
58920.887607590 6.945e-08 3.359571e-08 
58920.887607590 6.945e-08 3.359571e-08 
58920.887607590 6.945e-08 3.359571e-08 
58920.887607590 6.945e-08 3.359571e-08 
58920.887607590 6.945e-08 3.359571e-08 
58920.887607590 6.945e-08 3.359571e-08 
58920.887607590 6.945e-08 3.359571e-08 
58920.887607590 6.945e-08 3.359571e-08 
58920.887607590 6.945e-08 3.359571e-08 
58920.887607590 6.945e-08 3.359571e-08 
58920.887607590 6.945e-08 3.359571e-08 
58920.887607590 6.945e-08 3.359571e-08 
58920.887607590 6.945e-08 3.359571e-08 
58920.887607590 6.945e-08 3.359571e-08 
58920.887607590 6.945e-08 3.359571e-08 
58920.887607590 6.945e-08 3.359571e-08 
58935.586264921 1.583e-07 3.424280e-08 
58935.586264921 1.583e-07 3.424280e-08 
58935.586264921 1.583e-07 3.424280e-08 
58935.586264921 1.583e-07 3.424280e-08 
58935.586264921 1.583e-07 3.424280e-08 
58935.586264921 1.583e-07 3.424280e-08 
58935.586264921 1.583e-07 3.424280e-08 
58935.586264921 1.583e-07 3.424280e-08 
58935.586264921 1.583e-07 3.424280e-08 
58935.586264921 1.583e-07 3.424280e-08 
58935.586264921 1.583e-07 3.424280e-08 
58935.586264921 1.583e-07 3.424280e-08 
58935.586264921 1.583e-07 3.424280e-08 
58935.586264921 1.583e-07 3.424280e-08 
58935.586264921 1.583e-07 3.424280e-08 
58935.586264921 1.583e-07 3.424280e-08 
58948.323962776 -3.338e-08 2.982364e-08 
58948.323962776 -3.338e-08 2.982364e-08 
58948.323962776 -3.338e-08 2.982364e-08 
58948.323962776 -3.338e-08 2.982364e-08 
58948.323962776 -3.338e-08 2.982364e-08 
58948.323962776 -3.338e-08 2.982364e-08 
58948.323962776 -3.338e-08 2.982364e-08 
58948.323962776 -3.338e-08 2.982364e-08 
58948.323962776 -3.338e-08 2.982364e-08 
58948.323962776 -3.338e-08 2.982364e-08 
58948.323962776 -3.338e-08 2.982364e-08 
58948.323962776 -3.338e-08 2.982364e-08 
58948.323962776 -3.338e-08 2.982364e-08 
58948.323962776 -3.338e-08 2.982364e-08 
58948.323962776 -3.338e-08 2.982364e-08 
58948.323962776 -3.338e-08 2.982364e-08 
58965.467481145 -2.480e-07 3.198613e-08 
58965.467481145 -2.480e-07 3.198613e-08 
58965.467481145 -2.480e-07 3.198613e-08 
58965.467481145 -2.480e-07 3.198613e-08 
58965.467481145 -2.480e-07 3.198613e-08 
58965.467481145 -2.480e-07 3.198613e-08 
58965.467481145 -2.480e-07 3.198613e-08 
58965.467481145 -2.480e-07 3.198613e-08 
58965.467481145 -2.480e-07 3.198613e-08 
58965.467481145 -2.480e-07 3.198613e-08 
58965.467481145 -2.480e-07 3.198613e-08 
58965.467481145 -2.480e-07 3.198613e-08 
58965.467481145 -2.480e-07 3.198613e-08 
58965.467481145 -2.480e-07 3.198613e-08 
58965.467481145 -2.480e-07 3.198613e-08 
58965.467481145 -2.480e-07 3.198613e-08 
58980.379969291 5.713e-08 2.932381e-08 
58980.379969291 5.713e-08 2.932381e-08 
58980.379969291 5.713e-08 2.932381e-08 
58980.379969291 5.713e-08 2.932381e-08 
58980.379969291 5.713e-08 2.932381e-08 
58980.379969291 5.713e-08 2.932381e-08 
58980.379969291 5.713e-08 2.932381e-08 
58980.379969291 5.713e-08 2.932381e-08 
58980.379969291 5.713e-08 2.932381e-08 
58980.379969291 5.713e-08 2.932381e-08 
58980.379969291 5.713e-08 2.932381e-08 
58980.379969291 5.713e-08 2.932381e-08 
58980.379969291 5.713e-08 2.932381e-08 
58980.379969291 5.713e-08 2.932381e-08 
58980.379969291 5.713e-08 2.932381e-08 
58980.379969291 5.713e-08 2.932381e-08 
58993.703931764 9.054e-08 2.984205e-08 
58993.703931764 9.054e-08 2.984205e-08 
58993.703931764 9.054e-08 2.984205e-08 
58993.703931764 9.054e-08 2.984205e-08 
58993.703931764 9.054e-08 2.984205e-08 
58993.703931764 9.054e-08 2.984205e-08 
58993.703931764 9.054e-08 2.984205e-08 
58993.703931764 9.054e-08 2.984205e-08 
58993.703931764 9.054e-08 2.984205e-08 
58993.703931764 9.054e-08 2.984205e-08 
58993.703931764 9.054e-08 2.984205e-08 
58993.703931764 9.054e-08 2.984205e-08 
58993.703931764 9.054e-08 2.984205e-08 
58993.703931764 9.054e-08 2.984205e-08 
58993.703931764 9.054e-08 2.984205e-08 
58993.703931764 9.054e-08 2.984205e-08 
59005.254360453 -2.534e-08 2.940666e-08 
59005.254360453 -2.534e-08 2.940666e-08 
59005.254360453 -2.534e-08 2.940666e-08 
59005.254360453 -2.534e-08 2.940666e-08 
59005.254360453 -2.534e-08 2.940666e-08 
59005.254360453 -2.534e-08 2.940666e-08 
59005.254360453 -2.534e-08 2.940666e-08 
59005.254360453 -2.534e-08 2.940666e-08 
59005.254360453 -2.534e-08 2.940666e-08 
59005.254360453 -2.534e-08 2.940666e-08 
59005.254360453 -2.534e-08 2.940666e-08 
59005.254360453 -2.534e-08 2.940666e-08 
59005.254360453 -2.534e-08 2.940666e-08 
59005.254360453 -2.534e-08 2.940666e-08 
59005.254360453 -2.534e-08 2.940666e-08 
59005.254360453 -2.534e-08 2.940666e-08 
59018.166138641 -6.539e-09 3.372281e-08 
59018.166138641 -6.539e-09 3.372281e-08 
59018.166138641 -6.539e-09 3.372281e-08 
59018.166138641 -6.539e-09 3.372281e-08 
59018.166138641 -6.539e-09 3.372281e-08 
59018.166138641 -6.539e-09 3.372281e-08 
59018.166138641 -6.539e-09 3.372281e-08 
59018.166138641 -6.539e-09 3.372281e-08 
59018.166138641 -6.539e-09 3.372281e-08 
59018.166138641 -6.539e-09 3.372281e-08 
59018.166138641 -6.539e-09 3.372281e-08 
59018.166138641 -6.539e-09 3.372281e-08 
59018.166138641 -6.539e-09 3.372281e-08 
59018.166138641 -6.539e-09 3.372281e-08 
59018.166138641 -6.539e-09 3.372281e-08 
59018.166138641 -6.539e-09 3.372281e-08 
59034.378146988 2.493e-07 3.394773e-08 
59034.378146988 2.493e-07 3.394773e-08 
59034.378146988 2.493e-07 3.394773e-08 
59034.378146988 2.493e-07 3.394773e-08 
59034.378146988 2.493e-07 3.394773e-08 
59034.378146988 2.493e-07 3.394773e-08 
59034.378146988 2.493e-07 3.394773e-08 
59034.378146988 2.493e-07 3.394773e-08 
59034.378146988 2.493e-07 3.394773e-08 
59034.378146988 2.493e-07 3.394773e-08 
59034.378146988 2.493e-07 3.394773e-08 
59034.378146988 2.493e-07 3.394773e-08 
59034.378146988 2.493e-07 3.394773e-08 
59034.378146988 2.493e-07 3.394773e-08 
59034.378146988 2.493e-07 3.394773e-08 
59034.378146988 2.493e-07 3.394773e-08 
59040.227848400 -1.638e-08 3.351319e-08 
59040.227848400 -1.638e-08 3.351319e-08 
59040.227848400 -1.638e-08 3.351319e-08 
59040.227848400 -1.638e-08 3.351319e-08 
59040.227848400 -1.638e-08 3.351319e-08 
59040.227848400 -1.638e-08 3.351319e-08 
59040.227848400 -1.638e-08 3.351319e-08 
59040.227848400 -1.638e-08 3.351319e-08 
59040.227848400 -1.638e-08 3.351319e-08 
59040.227848400 -1.638e-08 3.351319e-08 
59040.227848400 -1.638e-08 3.351319e-08 
59040.227848400 -1.638e-08 3.351319e-08 
59040.227848400 -1.638e-08 3.351319e-08 
59040.227848400 -1.638e-08 3.351319e-08 
59040.227848400 -1.638e-08 3.351319e-08 
59040.227848400 -1.638e-08 3.351319e-08 
59047.178815700 5.270e-08 3.192824e-08 
59047.178815700 5.270e-08 3.192824e-08 
59047.178815700 5.270e-08 3.192824e-08 
59047.178815700 5.270e-08 3.192824e-08 
59047.178815700 5.270e-08 3.192824e-08 
59047.178815700 5.270e-08 3.192824e-08 
59047.178815700 5.270e-08 3.192824e-08 
59047.178815700 5.270e-08 3.192824e-08 
59047.178815700 5.270e-08 3.192824e-08 
59047.178815700 5.270e-08 3.192824e-08 
59047.178815700 5.270e-08 3.192824e-08 
59047.178815700 5.270e-08 3.192824e-08 
59047.178815700 5.270e-08 3.192824e-08 
59047.178815700 5.270e-08 3.192824e-08 
59047.178815700 5.270e-08 3.192824e-08 
59047.178815700 5.270e-08 3.192824e-08 
59061.015256135 2.847e-08 3.320801e-08 
59061.015256135 2.847e-08 3.320801e-08 
59061.015256135 2.847e-08 3.320801e-08 
59061.015256135 2.847e-08 3.320801e-08 
59061.015256135 2.847e-08 3.320801e-08 
59061.015256135 2.847e-08 3.320801e-08 
59061.015256135 2.847e-08 3.320801e-08 
59061.015256135 2.847e-08 3.320801e-08 
59061.015256135 2.847e-08 3.320801e-08 
59061.015256135 2.847e-08 3.320801e-08 
59061.015256135 2.847e-08 3.320801e-08 
59061.015256135 2.847e-08 3.320801e-08 
59061.015256135 2.847e-08 3.320801e-08 
59061.015256135 2.847e-08 3.320801e-08 
59061.015256135 2.847e-08 3.320801e-08 
59061.015256135 2.847e-08 3.320801e-08 
59074.043264963 8.307e-08 3.231930e-08 
59074.043264963 8.307e-08 3.231930e-08 
59074.043264963 8.307e-08 3.231930e-08 
59074.043264963 8.307e-08 3.231930e-08 
59074.043264963 8.307e-08 3.231930e-08 
59074.043264963 8.307e-08 3.231930e-08 
59074.043264963 8.307e-08 3.231930e-08 
59074.043264963 8.307e-08 3.231930e-08 
59074.043264963 8.307e-08 3.231930e-08 
59074.043264963 8.307e-08 3.231930e-08 
59074.043264963 8.307e-08 3.231930e-08 
59074.043264963 8.307e-08 3.231930e-08 
59074.043264963 8.307e-08 3.231930e-08 
59074.043264963 8.307e-08 3.231930e-08 
59074.043264963 8.307e-08 3.231930e-08 
59074.043264963 8.307e-08 3.231930e-08 
59087.945780545 5.762e-08 2.920157e-08 
59087.945780545 5.762e-08 2.920157e-08 
59087.945780545 5.762e-08 2.920157e-08 
59087.945780545 5.762e-08 2.920157e-08 
59087.945780545 5.762e-08 2.920157e-08 
59087.945780545 5.762e-08 2.920157e-08 
59087.945780545 5.762e-08 2.920157e-08 
59087.945780545 5.762e-08 2.920157e-08 
59087.945780545 5.762e-08 2.920157e-08 
59087.945780545 5.762e-08 2.920157e-08 
59087.945780545 5.762e-08 2.920157e-08 
59087.945780545 5.762e-08 2.920157e-08 
59087.945780545 5.762e-08 2.920157e-08 
59087.945780545 5.762e-08 2.920157e-08 
59087.945780545 5.762e-08 2.920157e-08 
59087.945780545 5.762e-08 2.920157e-08 
59104.248774461 -5.023e-08 3.008845e-08 
59104.248774461 -5.023e-08 3.008845e-08 
59104.248774461 -5.023e-08 3.008845e-08 
59104.248774461 -5.023e-08 3.008845e-08 
59104.248774461 -5.023e-08 3.008845e-08 
59104.248774461 -5.023e-08 3.008845e-08 
59104.248774461 -5.023e-08 3.008845e-08 
59104.248774461 -5.023e-08 3.008845e-08 
59104.248774461 -5.023e-08 3.008845e-08 
59104.248774461 -5.023e-08 3.008845e-08 
59104.248774461 -5.023e-08 3.008845e-08 
59104.248774461 -5.023e-08 3.008845e-08 
59104.248774461 -5.023e-08 3.008845e-08 
59104.248774461 -5.023e-08 3.008845e-08 
59104.248774461 -5.023e-08 3.008845e-08 
59104.248774461 -5.023e-08 3.008845e-08 
59119.916914299 -1.695e-07 3.077073e-08 
59119.916914299 -1.695e-07 3.077073e-08 
59119.916914299 -1.695e-07 3.077073e-08 
59119.916914299 -1.695e-07 3.077073e-08 
59119.916914299 -1.695e-07 3.077073e-08 
59119.916914299 -1.695e-07 3.077073e-08 
59119.916914299 -1.695e-07 3.077073e-08 
59119.916914299 -1.695e-07 3.077073e-08 
59119.916914299 -1.695e-07 3.077073e-08 
59119.916914299 -1.695e-07 3.077073e-08 
59119.916914299 -1.695e-07 3.077073e-08 
59119.916914299 -1.695e-07 3.077073e-08 
59119.916914299 -1.695e-07 3.077073e-08 
59119.916914299 -1.695e-07 3.077073e-08 
59119.916914299 -1.695e-07 3.077073e-08 
59119.916914299 -1.695e-07 3.077073e-08 
59132.898713971 -1.355e-07 3.196278e-08 
59132.898713971 -1.355e-07 3.196278e-08 
59132.898713971 -1.355e-07 3.196278e-08 
59132.898713971 -1.355e-07 3.196278e-08 
59132.898713971 -1.355e-07 3.196278e-08 
59132.898713971 -1.355e-07 3.196278e-08 
59132.898713971 -1.355e-07 3.196278e-08 
59132.898713971 -1.355e-07 3.196278e-08 
59132.898713971 -1.355e-07 3.196278e-08 
59132.898713971 -1.355e-07 3.196278e-08 
59132.898713971 -1.355e-07 3.196278e-08 
59132.898713971 -1.355e-07 3.196278e-08 
59132.898713971 -1.355e-07 3.196278e-08 
59132.898713971 -1.355e-07 3.196278e-08 
59132.898713971 -1.355e-07 3.196278e-08 
59132.898713971 -1.355e-07 3.196278e-08 
59156.756966462 5.287e-08 3.310544e-08 
59156.756966462 5.287e-08 3.310544e-08 
59156.756966462 5.287e-08 3.310544e-08 
59156.756966462 5.287e-08 3.310544e-08 
59156.756966462 5.287e-08 3.310544e-08 
59156.756966462 5.287e-08 3.310544e-08 
59156.756966462 5.287e-08 3.310544e-08 
59156.756966462 5.287e-08 3.310544e-08 
59156.756966462 5.287e-08 3.310544e-08 
59156.756966462 5.287e-08 3.310544e-08 
59156.756966462 5.287e-08 3.310544e-08 
59156.756966462 5.287e-08 3.310544e-08 
59156.756966462 5.287e-08 3.310544e-08 
59156.756966462 5.287e-08 3.310544e-08 
59156.756966462 5.287e-08 3.310544e-08 
59156.756966462 5.287e-08 3.310544e-08 
59163.774881833 1.162e-07 3.231461e-08 
59163.774881833 1.162e-07 3.231461e-08 
59163.774881833 1.162e-07 3.231461e-08 
59163.774881833 1.162e-07 3.231461e-08 
59163.774881833 1.162e-07 3.231461e-08 
59163.774881833 1.162e-07 3.231461e-08 
59163.774881833 1.162e-07 3.231461e-08 
59163.774881833 1.162e-07 3.231461e-08 
59163.774881833 1.162e-07 3.231461e-08 
59163.774881833 1.162e-07 3.231461e-08 
59163.774881833 1.162e-07 3.231461e-08 
59163.774881833 1.162e-07 3.231461e-08 
59163.774881833 1.162e-07 3.231461e-08 
59163.774881833 1.162e-07 3.231461e-08 
59163.774881833 1.162e-07 3.231461e-08 
59163.774881833 1.162e-07 3.231461e-08 
59181.204893775 1.302e-07 2.949158e-08 
59181.204893775 1.302e-07 2.949158e-08 
59181.204893775 1.302e-07 2.949158e-08 
59181.204893775 1.302e-07 2.949158e-08 
59181.204893775 1.302e-07 2.949158e-08 
59181.204893775 1.302e-07 2.949158e-08 
59181.204893775 1.302e-07 2.949158e-08 
59181.204893775 1.302e-07 2.949158e-08 
59181.204893775 1.302e-07 2.949158e-08 
59181.204893775 1.302e-07 2.949158e-08 
59181.204893775 1.302e-07 2.949158e-08 
59181.204893775 1.302e-07 2.949158e-08 
59181.204893775 1.302e-07 2.949158e-08 
59181.204893775 1.302e-07 2.949158e-08 
59181.204893775 1.302e-07 2.949158e-08 
59181.204893775 1.302e-07 2.949158e-08 
59192.124818652 2.961e-07 3.119044e-08 
59192.124818652 2.961e-07 3.119044e-08 
59192.124818652 2.961e-07 3.119044e-08 
59192.124818652 2.961e-07 3.119044e-08 
59192.124818652 2.961e-07 3.119044e-08 
59192.124818652 2.961e-07 3.119044e-08 
59192.124818652 2.961e-07 3.119044e-08 
59192.124818652 2.961e-07 3.119044e-08 
59192.124818652 2.961e-07 3.119044e-08 
59192.124818652 2.961e-07 3.119044e-08 
59192.124818652 2.961e-07 3.119044e-08 
59192.124818652 2.961e-07 3.119044e-08 
59192.124818652 2.961e-07 3.119044e-08 
59192.124818652 2.961e-07 3.119044e-08 
59192.124818652 2.961e-07 3.119044e-08 
59192.124818652 2.961e-07 3.119044e-08 
59218.092910544 -2.001e-08 3.046656e-08 
59218.092910544 -2.001e-08 3.046656e-08 
59218.092910544 -2.001e-08 3.046656e-08 
59218.092910544 -2.001e-08 3.046656e-08 
59218.092910544 -2.001e-08 3.046656e-08 
59218.092910544 -2.001e-08 3.046656e-08 
59218.092910544 -2.001e-08 3.046656e-08 
59218.092910544 -2.001e-08 3.046656e-08 
59218.092910544 -2.001e-08 3.046656e-08 
59218.092910544 -2.001e-08 3.046656e-08 
59218.092910544 -2.001e-08 3.046656e-08 
59218.092910544 -2.001e-08 3.046656e-08 
59218.092910544 -2.001e-08 3.046656e-08 
59218.092910544 -2.001e-08 3.046656e-08 
59218.092910544 -2.001e-08 3.046656e-08 
59218.092910544 -2.001e-08 3.046656e-08 
59235.010020304 3.170e-09 3.333225e-08 
59235.010020304 3.170e-09 3.333225e-08 
59235.010020304 3.170e-09 3.333225e-08 
59235.010020304 3.170e-09 3.333225e-08 
59235.010020304 3.170e-09 3.333225e-08 
59235.010020304 3.170e-09 3.333225e-08 
59235.010020304 3.170e-09 3.333225e-08 
59235.010020304 3.170e-09 3.333225e-08 
59235.010020304 3.170e-09 3.333225e-08 
59235.010020304 3.170e-09 3.333225e-08 
59235.010020304 3.170e-09 3.333225e-08 
59235.010020304 3.170e-09 3.333225e-08 
59235.010020304 3.170e-09 3.333225e-08 
59235.010020304 3.170e-09 3.333225e-08 
59235.010020304 3.170e-09 3.333225e-08 
59235.010020304 3.170e-09 3.333225e-08 
59248.011723565 3.591e-07 3.224134e-08 
59248.011723565 3.591e-07 3.224134e-08 
59248.011723565 3.591e-07 3.224134e-08 
59248.011723565 3.591e-07 3.224134e-08 
59248.011723565 3.591e-07 3.224134e-08 
59248.011723565 3.591e-07 3.224134e-08 
59248.011723565 3.591e-07 3.224134e-08 
59248.011723565 3.591e-07 3.224134e-08 
59248.011723565 3.591e-07 3.224134e-08 
59248.011723565 3.591e-07 3.224134e-08 
59248.011723565 3.591e-07 3.224134e-08 
59248.011723565 3.591e-07 3.224134e-08 
59248.011723565 3.591e-07 3.224134e-08 
59248.011723565 3.591e-07 3.224134e-08 
59248.011723565 3.591e-07 3.224134e-08 
59248.011723565 3.591e-07 3.224134e-08 
59263.817051320 -9.661e-09 3.269862e-08 
59263.817051320 -9.661e-09 3.269862e-08 
59263.817051320 -9.661e-09 3.269862e-08 
59263.817051320 -9.661e-09 3.269862e-08 
59263.817051320 -9.661e-09 3.269862e-08 
59263.817051320 -9.661e-09 3.269862e-08 
59263.817051320 -9.661e-09 3.269862e-08 
59263.817051320 -9.661e-09 3.269862e-08 
59263.817051320 -9.661e-09 3.269862e-08 
59263.817051320 -9.661e-09 3.269862e-08 
59263.817051320 -9.661e-09 3.269862e-08 
59263.817051320 -9.661e-09 3.269862e-08 
59263.817051320 -9.661e-09 3.269862e-08 
59263.817051320 -9.661e-09 3.269862e-08 
59263.817051320 -9.661e-09 3.269862e-08 
59263.817051320 -9.661e-09 3.269862e-08 
59276.859385350 2.384e-07 3.311997e-08 
59276.859385350 2.384e-07 3.311997e-08 
59276.859385350 2.384e-07 3.311997e-08 
59276.859385350 2.384e-07 3.311997e-08 
59276.859385350 2.384e-07 3.311997e-08 
59276.859385350 2.384e-07 3.311997e-08 
59276.859385350 2.384e-07 3.311997e-08 
59276.859385350 2.384e-07 3.311997e-08 
59276.859385350 2.384e-07 3.311997e-08 
59276.859385350 2.384e-07 3.311997e-08 
59276.859385350 2.384e-07 3.311997e-08 
59276.859385350 2.384e-07 3.311997e-08 
59276.859385350 2.384e-07 3.311997e-08 
59276.859385350 2.384e-07 3.311997e-08 
59276.859385350 2.384e-07 3.311997e-08 
59276.859385350 2.384e-07 3.311997e-08 
59290.833563275 1.459e-07 3.075394e-08 
59290.833563275 1.459e-07 3.075394e-08 
59290.833563275 1.459e-07 3.075394e-08 
59290.833563275 1.459e-07 3.075394e-08 
59290.833563275 1.459e-07 3.075394e-08 
59290.833563275 1.459e-07 3.075394e-08 
59290.833563275 1.459e-07 3.075394e-08 
59290.833563275 1.459e-07 3.075394e-08 
59290.833563275 1.459e-07 3.075394e-08 
59290.833563275 1.459e-07 3.075394e-08 
59290.833563275 1.459e-07 3.075394e-08 
59290.833563275 1.459e-07 3.075394e-08 
59290.833563275 1.459e-07 3.075394e-08 
59290.833563275 1.459e-07 3.075394e-08 
59290.833563275 1.459e-07 3.075394e-08 
59290.833563275 1.459e-07 3.075394e-08 
59305.753278138 -1.754e-07 3.371131e-08 
59305.753278138 -1.754e-07 3.371131e-08 
59305.753278138 -1.754e-07 3.371131e-08 
59305.753278138 -1.754e-07 3.371131e-08 
59305.753278138 -1.754e-07 3.371131e-08 
59305.753278138 -1.754e-07 3.371131e-08 
59305.753278138 -1.754e-07 3.371131e-08 
59305.753278138 -1.754e-07 3.371131e-08 
59305.753278138 -1.754e-07 3.371131e-08 
59305.753278138 -1.754e-07 3.371131e-08 
59305.753278138 -1.754e-07 3.371131e-08 
59305.753278138 -1.754e-07 3.371131e-08 
59305.753278138 -1.754e-07 3.371131e-08 
59305.753278138 -1.754e-07 3.371131e-08 
59305.753278138 -1.754e-07 3.371131e-08 
59305.753278138 -1.754e-07 3.371131e-08 
59318.669586048 1.979e-07 2.983853e-08 
59318.669586048 1.979e-07 2.983853e-08 
59318.669586048 1.979e-07 2.983853e-08 
59318.669586048 1.979e-07 2.983853e-08 
59318.669586048 1.979e-07 2.983853e-08 
59318.669586048 1.979e-07 2.983853e-08 
59318.669586048 1.979e-07 2.983853e-08 
59318.669586048 1.979e-07 2.983853e-08 
59318.669586048 1.979e-07 2.983853e-08 
59318.669586048 1.979e-07 2.983853e-08 
59318.669586048 1.979e-07 2.983853e-08 
59318.669586048 1.979e-07 2.983853e-08 
59318.669586048 1.979e-07 2.983853e-08 
59318.669586048 1.979e-07 2.983853e-08 
59318.669586048 1.979e-07 2.983853e-08 
59318.669586048 1.979e-07 2.983853e-08 
59332.655657183 -6.741e-07 3.162515e-08 
59332.655657183 -6.741e-07 3.162515e-08 
59332.655657183 -6.741e-07 3.162515e-08 
59332.655657183 -6.741e-07 3.162515e-08 
59332.655657183 -6.741e-07 3.162515e-08 
59332.655657183 -6.741e-07 3.162515e-08 
59332.655657183 -6.741e-07 3.162515e-08 
59332.655657183 -6.741e-07 3.162515e-08 
59332.655657183 -6.741e-07 3.162515e-08 
59332.655657183 -6.741e-07 3.162515e-08 
59332.655657183 -6.741e-07 3.162515e-08 
59332.655657183 -6.741e-07 3.162515e-08 
59332.655657183 -6.741e-07 3.162515e-08 
59332.655657183 -6.741e-07 3.162515e-08 
59332.655657183 -6.741e-07 3.162515e-08 
59332.655657183 -6.741e-07 3.162515e-08 
59344.738177324 -3.179e-07 3.194157e-08 
59344.738177324 -3.179e-07 3.194157e-08 
59344.738177324 -3.179e-07 3.194157e-08 
59344.738177324 -3.179e-07 3.194157e-08 
59344.738177324 -3.179e-07 3.194157e-08 
59344.738177324 -3.179e-07 3.194157e-08 
59344.738177324 -3.179e-07 3.194157e-08 
59344.738177324 -3.179e-07 3.194157e-08 
59344.738177324 -3.179e-07 3.194157e-08 
59344.738177324 -3.179e-07 3.194157e-08 
59344.738177324 -3.179e-07 3.194157e-08 
59344.738177324 -3.179e-07 3.194157e-08 
59344.738177324 -3.179e-07 3.194157e-08 
59344.738177324 -3.179e-07 3.194157e-08 
59344.738177324 -3.179e-07 3.194157e-08 
59344.738177324 -3.179e-07 3.194157e-08 
59358.648699392 -1.139e-07 3.303629e-08 
59358.648699392 -1.139e-07 3.303629e-08 
59358.648699392 -1.139e-07 3.303629e-08 
59358.648699392 -1.139e-07 3.303629e-08 
59358.648699392 -1.139e-07 3.303629e-08 
59358.648699392 -1.139e-07 3.303629e-08 
59358.648699392 -1.139e-07 3.303629e-08 
59358.648699392 -1.139e-07 3.303629e-08 
59358.648699392 -1.139e-07 3.303629e-08 
59358.648699392 -1.139e-07 3.303629e-08 
59358.648699392 -1.139e-07 3.303629e-08 
59358.648699392 -1.139e-07 3.303629e-08 
59358.648699392 -1.139e-07 3.303629e-08 
59358.648699392 -1.139e-07 3.303629e-08 
59358.648699392 -1.139e-07 3.303629e-08 
59358.648699392 -1.139e-07 3.303629e-08 
59404.503931459 -1.828e-07 3.362695e-08 
59404.503931459 -1.828e-07 3.362695e-08 
59404.503931459 -1.828e-07 3.362695e-08 
59404.503931459 -1.828e-07 3.362695e-08 
59404.503931459 -1.828e-07 3.362695e-08 
59404.503931459 -1.828e-07 3.362695e-08 
59404.503931459 -1.828e-07 3.362695e-08 
59404.503931459 -1.828e-07 3.362695e-08 
59404.503931459 -1.828e-07 3.362695e-08 
59404.503931459 -1.828e-07 3.362695e-08 
59404.503931459 -1.828e-07 3.362695e-08 
59404.503931459 -1.828e-07 3.362695e-08 
59404.503931459 -1.828e-07 3.362695e-08 
59404.503931459 -1.828e-07 3.362695e-08 
59404.503931459 -1.828e-07 3.362695e-08 
59404.503931459 -1.828e-07 3.362695e-08 
59420.379426040 -3.540e-07 3.131532e-08 
59420.379426040 -3.540e-07 3.131532e-08 
59420.379426040 -3.540e-07 3.131532e-08 
59420.379426040 -3.540e-07 3.131532e-08 
59420.379426040 -3.540e-07 3.131532e-08 
59420.379426040 -3.540e-07 3.131532e-08 
59420.379426040 -3.540e-07 3.131532e-08 
59420.379426040 -3.540e-07 3.131532e-08 
59420.379426040 -3.540e-07 3.131532e-08 
59420.379426040 -3.540e-07 3.131532e-08 
59420.379426040 -3.540e-07 3.131532e-08 
59420.379426040 -3.540e-07 3.131532e-08 
59420.379426040 -3.540e-07 3.131532e-08 
59420.379426040 -3.540e-07 3.131532e-08 
59420.379426040 -3.540e-07 3.131532e-08 
59420.379426040 -3.540e-07 3.131532e-08 
59431.345004043 3.392e-07 3.166384e-08 
59431.345004043 3.392e-07 3.166384e-08 
59431.345004043 3.392e-07 3.166384e-08 
59431.345004043 3.392e-07 3.166384e-08 
59431.345004043 3.392e-07 3.166384e-08 
59431.345004043 3.392e-07 3.166384e-08 
59431.345004043 3.392e-07 3.166384e-08 
59431.345004043 3.392e-07 3.166384e-08 
59431.345004043 3.392e-07 3.166384e-08 
59431.345004043 3.392e-07 3.166384e-08 
59431.345004043 3.392e-07 3.166384e-08 
59431.345004043 3.392e-07 3.166384e-08 
59431.345004043 3.392e-07 3.166384e-08 
59431.345004043 3.392e-07 3.166384e-08 
59431.345004043 3.392e-07 3.166384e-08 
59431.345004043 3.392e-07 3.166384e-08 
59445.307310946 -1.084e-08 3.189920e-08 
59445.307310946 -1.084e-08 3.189920e-08 
59445.307310946 -1.084e-08 3.189920e-08 
59445.307310946 -1.084e-08 3.189920e-08 
59445.307310946 -1.084e-08 3.189920e-08 
59445.307310946 -1.084e-08 3.189920e-08 
59445.307310946 -1.084e-08 3.189920e-08 
59445.307310946 -1.084e-08 3.189920e-08 
59445.307310946 -1.084e-08 3.189920e-08 
59445.307310946 -1.084e-08 3.189920e-08 
59445.307310946 -1.084e-08 3.189920e-08 
59445.307310946 -1.084e-08 3.189920e-08 
59445.307310946 -1.084e-08 3.189920e-08 
59445.307310946 -1.084e-08 3.189920e-08 
59445.307310946 -1.084e-08 3.189920e-08 
59445.307310946 -1.084e-08 3.189920e-08 
59460.235410565 3.032e-07 2.875111e-08 
59460.235410565 3.032e-07 2.875111e-08 
59460.235410565 3.032e-07 2.875111e-08 
59460.235410565 3.032e-07 2.875111e-08 
59460.235410565 3.032e-07 2.875111e-08 
59460.235410565 3.032e-07 2.875111e-08 
59460.235410565 3.032e-07 2.875111e-08 
59460.235410565 3.032e-07 2.875111e-08 
59460.235410565 3.032e-07 2.875111e-08 
59460.235410565 3.032e-07 2.875111e-08 
59460.235410565 3.032e-07 2.875111e-08 
59460.235410565 3.032e-07 2.875111e-08 
59460.235410565 3.032e-07 2.875111e-08 
59460.235410565 3.032e-07 2.875111e-08 
59460.235410565 3.032e-07 2.875111e-08 
59460.235410565 3.032e-07 2.875111e-08 
59482.208191448 -1.314e-12 3.307915e-08 
59482.208191448 -1.314e-12 3.307915e-08 
59482.208191448 -1.314e-12 3.307915e-08 
59482.208191448 -1.314e-12 3.307915e-08 
59482.208191448 -1.314e-12 3.307915e-08 
59482.208191448 -1.314e-12 3.307915e-08 
59482.208191448 -1.314e-12 3.307915e-08 
59482.208191448 -1.314e-12 3.307915e-08 
59482.208191448 -1.314e-12 3.307915e-08 
59482.208191448 -1.314e-12 3.307915e-08 
59482.208191448 -1.314e-12 3.307915e-08 
59482.208191448 -1.314e-12 3.307915e-08 
59482.208191448 -1.314e-12 3.307915e-08 
59482.208191448 -1.314e-12 3.307915e-08 
59482.208191448 -1.314e-12 3.307915e-08 
59482.208191448 -1.314e-12 3.307915e-08 
